-0.006130 0.000752 0.002746 0.000000 0.000000 0.000000 0.000000 0.000000 -0.000000
11.993840 0.000904 0.044403 0.000000 0.000000 0.000000 0.000000 0.000000 -0.000000
23.993657 0.000752 0.057220 0.000000 0.000000 0.000000 0.000000 0.000000 -0.000000
35.993779 0.000599 0.057373 0.000000 0.000000 0.000000 0.000000 0.000000 -0.000000
47.993443 0.000752 0.051422 0.000000 0.000000 0.000000 0.000000 0.000000 -0.000000
59.993413 0.000752 0.041198 0.000000 0.000000 0.000000 0.000000 0.000000 -0.000000
71.993230 0.000752 0.041503 0.000000 0.000000 0.000000 0.000000 0.000000 -0.000000
83.993352 0.000752 0.051116 0.000000 0.000000 0.000000 0.000000 0.000000 -0.000000
83.993199 12.000721 0.037384 0.000000 0.000000 0.000000 0.000000 0.000000 -0.000000
71.994298 12.000569 0.040130 0.000000 0.000000 0.000000 0.000000 0.000000 -0.000000
59.993718 12.000721 0.056610 0.000000 0.000000 0.000000 0.000000 0.000000 -0.000000
47.994206 12.000569 0.079956 0.000000 0.000000 0.000000 0.000000 0.000000 -0.000000
35.993626 12.000721 0.090179 0.000000 0.000000 0.000000 0.000000 0.000000 -0.000000
23.993962 12.000721 0.101165 0.000000 0.000000 0.000000 0.000000 0.000000 -0.000000
11.993993 12.000721 0.087738 0.000000 0.000000 0.000000 0.000000 0.000000 -0.000000
-0.006282 12.000721 0.052185 0.000000 0.000000 0.000000 0.000000 0.000000 -0.000000
-0.006435 24.000996 0.067901 0.000000 0.000000 0.000000 0.000000 0.000000 -0.000000
11.993687 24.000691 0.084381 0.000000 0.000000 0.000000 0.000000 0.000000 -0.000000
23.993352 24.000691 0.098114 0.000000 0.000000 0.000000 0.000000 0.000000 -0.000000
35.993626 24.000538 0.084838 0.000000 0.000000 0.000000 0.000000 0.000000 -0.000000
47.993443 24.000538 0.064697 0.000000 0.000000 0.000000 0.000000 0.000000 -0.000000
59.993565 24.000538 0.045166 0.000000 0.000000 0.000000 0.000000 0.000000 -0.000000
71.993230 24.000691 0.019378 0.000000 0.000000 0.000000 0.000000 0.000000 -0.000000
83.993504 24.000691 0.005798 0.000000 0.000000 0.000000 0.000000 0.000000 -0.000000
83.993352 36.000660 0.002899 0.000000 0.000000 0.000000 0.000000 0.000000 -0.000000
71.994145 36.000508 0.016784 0.000000 0.000000 0.000000 0.000000 0.000000 -0.000000
59.993870 36.000660 0.035400 0.000000 0.000000 0.000000 0.000000 0.000000 -0.000000
47.994054 36.000660 0.068512 0.000000 0.000000 0.000000 0.000000 0.000000 -0.000000
35.994389 36.000508 0.102081 0.000000 0.000000 0.000000 0.000000 0.000000 -0.000000
23.993809 36.000660 0.112609 0.000000 0.000000 0.000000 0.000000 0.000000 -0.000000
11.994145 36.000508 0.101776 0.000000 0.000000 0.000000 0.000000 0.000000 -0.000000
-0.006130 36.000660 0.084686 0.000000 0.000000 0.000000 0.000000 0.000000 -0.000000
-0.006740 48.000630 0.109100 0.000000 0.000000 0.000000 0.000000 0.000000 -0.000000
11.993687 48.000630 0.133209 0.000000 0.000000 0.000000 0.000000 0.000000 -0.000000
23.993352 48.000477 0.147247 0.000000 0.000000 0.000000 0.000000 0.000000 -0.000000
35.993779 48.000630 0.132446 0.000000 0.000000 0.000000 0.000000 0.000000 -0.000000
47.993596 48.000630 0.087738 0.000000 0.000000 0.000000 0.000000 0.000000 -0.000000
59.993413 48.000630 0.049285 0.000000 0.000000 0.000000 0.000000 0.000000 -0.000000
71.993382 48.000477 0.029907 0.000000 0.000000 0.000000 0.000000 0.000000 -0.000000
83.993199 48.000477 0.005340 0.000000 0.000000 0.000000 0.000000 0.000000 -0.000000
83.993352 60.000752 0.055236 0.000000 0.000000 0.000000 0.000000 0.000000 -0.000000
71.993840 60.000752 0.078887 0.000000 0.000000 0.000000 0.000000 0.000000 -0.000000
59.994481 60.000599 0.105438 0.000000 0.000000 0.000000 0.000000 0.000000 -0.000000
47.994511 60.000599 0.136718 0.000000 0.000000 0.000000 0.000000 0.000000 -0.000000
35.994084 60.000752 0.182800 0.000000 0.000000 0.000000 0.000000 0.000000 -0.000000
23.994267 60.000752 0.196991 0.000000 0.000000 0.000000 0.000000 0.000000 -0.000000
11.994450 60.000599 0.197753 0.000000 0.000000 0.000000 0.000000 0.000000 -0.000000
-0.005824 60.000752 0.168762 0.000000 0.000000 0.000000 0.000000 0.000000 -0.000000
